                           Results: Ordinary least squares
======================================================================================
Model:                     OLS                    Adj. R-squared:           0.858     
Dependent Variable:        rx_dom                 AIC:                      88821.4788
Date:                      2023-07-15 07:12       BIC:                      90104.2495
No. Observations:          2327                   Log-Likelihood:           -44188.   
Df Model:                  222                    F-statistic:              64.43     
Df Residuals:              2104                   Prob (F-statistic):       0.00      
R-squared:                 0.872                  Scale:                    2.0185e+15
--------------------------------------------------------------------------------------
                Coef.         Std.Err.      t    P>|t|       [0.025         0.975]    
--------------------------------------------------------------------------------------
const        94154605.0072 16579519.5357  5.6790 0.0000   61640639.7639 126668570.2505
id             -81583.3542    15144.7986 -5.3869 0.0000    -111283.6994    -51883.0090
elasped_m14 -51189127.3671 56717949.1364 -0.9025 0.3669 -162418250.9202  60039996.1860
elasped_m13 -39099626.9810 30704189.0530 -1.2734 0.2030  -99313370.4216  21114116.4596
elasped_m12 -82373091.5196 22642794.5355 -3.6379 0.0003 -126777697.6333 -37968485.4059
elasped_m11 -62011319.6679 19491274.0709 -3.1815 0.0015 -100235503.8081 -23787135.5277
elasped_m10 -57507583.6835 20579836.7293 -2.7944 0.0052  -97866539.4835 -17148627.8835
elasped_m9  -43223131.4737 17732081.0673 -2.4376 0.0149  -77997376.0632  -8448886.8842
elasped_m8  -27170730.9510 19259765.0293 -1.4108 0.1585  -64940904.5321  10599442.6302
elasped_m7  -20469628.5903 17904021.6015 -1.1433 0.2530  -55581064.4080  14641807.2275
elasped_m6  -13590938.3358 17969342.1822 -0.7563 0.4495  -48830473.8300  21648597.1584
elasped_m5   -6564254.6003 16820215.4931 -0.3903 0.6964  -39550246.7907  26421737.5901
elasped_m4   -1932274.0521 15562307.8010 -0.1242 0.9012  -32451393.3702  28586845.2661
elasped_m3   -2550296.3664 14426781.7677 -0.1768 0.8597  -30842544.5196  25741951.7869
elasped_m2    2298467.4034 14280292.6426  0.1610 0.8721  -25706502.0799  30303436.8867
elasped_0     -558314.9089 13464510.6144 -0.0415 0.9669  -26963460.6788  25846830.8610
elasped_1     2504437.3039 13010928.7430  0.1925 0.8474  -23011192.6287  28020067.2364
elasped_2   -13915461.7808 13281769.4166 -1.0477 0.2949  -39962235.2263  12131311.6646
elasped_3   -12267303.8849 13241293.6500 -0.9264 0.3543  -38234700.6230  13700092.8532
elasped_4   -17310238.8651 13112239.6075 -1.3202 0.1869  -43024548.7365   8404071.0063
elasped_5   -13841443.3324 12606626.4902 -1.0979 0.2724  -38564199.2997  10881312.6349
elasped_6    -9195071.5511 12424511.3208 -0.7401 0.4593  -33560682.8933  15170539.7912
elasped_7    -3665937.2668 11812054.9553 -0.3104 0.7563  -26830465.2522  19498590.7185
elasped_8    -3176060.8351 12491421.9401 -0.2543 0.7993  -27672890.0661  21320768.3960
elasped_9     1152323.1115 11868479.2214  0.0971 0.9227  -22122858.0579  24427504.2809
elasped_10   -4040954.7214 12501271.5077 -0.3232 0.7465  -28557099.8619  20475190.4192
elasped_11   -4002012.0452 12259173.3716 -0.3265 0.7441  -28043380.4369  20039356.3465
elasped_12  -13212565.4742 13327929.1237 -0.9913 0.3216  -39349862.3578  12924731.4094
elasped_13   -7184725.3485 13526932.0784 -0.5311 0.5954  -33712285.3600  19342834.6630
elasped_14   -4032643.1947 13523512.0952 -0.2982 0.7656  -30553496.3039  22488209.9146
elasped_15    -987139.4355 13628329.9969 -0.0724 0.9423  -27713550.1068  25739271.2358
elasped_16  -11996907.6486 13224949.0003 -0.9071 0.3644  -37932251.0229  13938435.7257
elasped_17  -13781163.0580 15029391.4682 -0.9169 0.3593  -43255184.3510  15692858.2350
elasped_18  -20844763.0540 13933074.6722 -1.4961 0.1348  -48168806.1089   6479280.0009
elasped_19  -18056559.2744 13557735.2877 -1.3318 0.1831  -44644527.2171   8531408.6683
elasped_20  -23179354.9955 13613260.8651 -1.7027 0.0888  -49876213.7110   3517503.7200
elasped_21  -29693155.7996 13576957.5714 -2.1870 0.0289  -56318820.4116  -3067491.1877
elasped_22  -26103813.6815 13715504.6154 -1.9032 0.0571  -53001181.8108    793554.4479
elasped_23  -32509058.9083 13601214.9444 -2.3902 0.0169  -59182294.4635  -5835823.3531
elasped_24  -31380460.5317 13663507.0399 -2.2967 0.0217  -58175856.6251  -4585064.4384
elasped_25  -33276177.4386 14443213.5083 -2.3039 0.0213  -61600649.7490  -4951705.1281
elasped_26  -32870428.9979 14115619.7090 -2.3287 0.0200  -60552459.6875  -5188398.3082
elasped_27  -35246691.6869 14519867.1037 -2.4275 0.0153  -63721488.7598  -6771894.6140
elasped_28  -37421344.2786 14497648.7902 -2.5812 0.0099  -65852569.1920  -8990119.3653
elasped_29  -42712261.9719 14908056.2685 -2.8650 0.0042  -71948333.7601 -13476190.1837
elasped_30  -45931756.4301 15213797.2399 -3.0191 0.0026  -75767414.4304 -16096098.4299
elasped_31  -54489783.7252 15882725.4848 -3.4308 0.0006  -85637271.6406 -23342295.8098
elasped_32  -59921080.9995 16816215.9729 -3.5633 0.0004  -92899229.7624 -26942932.2366
elasped_33  -53873119.3727 17843913.8551 -3.0191 0.0026  -88866678.3620 -18879560.3834
elasped_34  -56053457.5365 18048839.0497 -3.1057 0.0019  -91448893.7118 -20658021.3612
elasped_35  -70143367.0722 23032782.6821 -3.0454 0.0024 -115312775.8701 -24973958.2744
elasped_36  -50725725.5393 26759203.0334 -1.8956 0.0581 -103202987.9527   1751536.8742
elasped_37  -26357465.4294 48161460.6868 -0.5473 0.5842 -120806526.8429  68091595.9840
elasped_38  -22203734.3807 48193829.5905 -0.4607 0.6450 -116716274.1965  72308805.4351
id_111      -72099639.4538 15157159.4501 -4.7568 0.0000 -101824225.5303 -42375053.3773
id_112       -4155358.5996 15148535.0915 -0.2743 0.7839  -33863031.5143  25552314.3151
id_113      -26278518.3168 15139918.5401 -1.7357 0.0828  -55969293.3804   3412256.7468
id_114      161716616.8474 47842274.4307  3.3802 0.0007   67893509.0880 255539724.6069
id_115      -85203832.1084 15122708.9121 -5.6342 0.0000 -114860857.5062 -55546806.7107
id_116       -6157595.0400 15114115.8623 -0.4074 0.6838  -35797768.6754  23482578.5955
id_117      201995813.9571 15105530.6732 13.3723 0.0000  172372476.6685 231619151.2457
id_118      -82687163.2601 15096953.3581 -5.4771 0.0000 -112293679.6436 -53080646.8766
id_119      164214568.0226 15088383.9305 10.8835 0.0000  134624857.0762 193804278.9691
id_121      -53354571.8856 12259202.8287 -4.3522 0.0000  -77395998.0454 -29313145.7259
id_122      -65343410.2719 15062723.1071 -4.3381 0.0000  -94882797.9795 -35804022.5643
id_123      -74084356.1588 12219854.3593 -6.0626 0.0000  -98048616.3449 -50120095.9727
id_124      -31419258.9664 12609251.2837 -2.4918 0.0128  -56147162.3956  -6691355.5373
id_125      -83904508.3655 15389705.0357 -5.4520 0.0000 -114085137.7593 -53723878.9717
id_129      -73273496.6497 15003126.4328 -4.8839 0.0000 -102696009.7886 -43850983.5107
id_131      276324420.4690 84347331.8030  3.2760 0.0011  110911532.0739 441737308.8641
id_132       -4315757.8001 30331953.4899 -0.1423 0.8869  -63799513.0082  55167997.4081
id_133      -76645674.3043 14969247.6921 -5.1202 0.0000 -106001748.1115 -47289600.4971
id_139      -83250698.5363 14918672.5885 -5.5803 0.0000 -112507589.9060 -53993807.1665
id_211      -32999705.9073 12692903.5842 -2.5999 0.0094  -57891659.2045  -8107752.6100
id_212      -11917145.8227 14327820.8944 -0.8317 0.4056  -40015322.5864  16181030.9411
id_213      -31794429.6113 14320055.3589 -2.2203 0.0265  -59877377.4446  -3711481.7780
id_214      436955904.8857 14312299.0656 30.5301 0.0000  408888167.8583 465023641.9132
id_215      -77050363.6172 14304552.0294 -5.3864 0.0000 -105102907.9930 -48997819.2414
id_216      -62238101.6202 14296814.2654 -4.3533 0.0000  -90275471.5279 -34200731.7124
id_217      156321746.7140 12735156.5650 12.2748 0.0000  131346931.4288 181296561.9993
id_218      260180171.4208 16590794.6761 15.6822 0.0000  227644094.5885 292716248.2532
id_219       56097042.0139 14273656.7575  3.9301 0.0001   28105086.1127  84088997.9150
id_221      -51422691.1349 14258265.0564 -3.6065 0.0003  -79384462.4923 -23460919.7775
id_222      -24287877.7457 13006783.5736 -1.8673 0.0620  -49795378.6191   1219623.1276
id_223       10663646.1624 16882649.1215  0.6316 0.5277  -22444784.1253  43772076.4501
id_224      -42058983.3504 12719732.5216 -3.3066 0.0010  -67003550.6654 -17114416.0353
id_225       -6619466.8288 12335985.1914 -0.5366 0.5916  -30811470.2757  17572536.6181
id_226      -73085532.8639 14219949.9182 -5.1396 0.0000 -100972164.7055 -45198901.0223
id_229       43439950.0613 16206015.3394  2.6805 0.0074   11658460.9570  75221439.1656
id_231      -23989576.8272 12774311.8842 -1.8780 0.0605  -49041179.3007   1062025.6463
id_232      341148407.2222 60696942.1625  5.6205 0.0000  222116111.7692 460180702.6752
id_233      -69271735.2416 14166705.5777 -4.8898 0.0000  -97053950.0261 -41489520.4572
id_234      -56315733.8160 14159137.3031 -3.9773 0.0001  -84083106.5168 -28548361.1153
id_235        -521751.0433 14081535.3772 -0.0371 0.9704  -28136939.2181  27093437.1316
id_236      -58923120.1790 14144029.4518 -4.1659 0.0000  -86660864.9915 -31185375.3666
id_237      -75255529.8249 14136489.9057 -5.3235 0.0000 -102978488.8928 -47532570.7569
id_239      175329422.2338 33462911.2875  5.2395 0.0000  109705570.3365 240953274.1310
id_241         451303.4491 14106427.9437  0.0320 0.9745  -27212701.3419  28115308.2400
id_242      -72691978.0980 15404736.2766 -4.7188 0.0000 -102902085.1399 -42481871.0561
id_243       -8812982.6997 14091454.9115 -0.6254 0.5318  -36447623.9951  18821658.5958
id_244      -74533582.2740 14083982.9366 -5.2921 0.0000 -102153570.3383 -46913594.2098
id_245      -37243209.7772 16787667.0167 -2.2185 0.0266  -70165371.4068  -4321048.1476
id_246      -74180610.4942 14069068.1464 -5.2726 0.0000 -101771349.2808 -46589871.7077
id_247      -63911085.2829 14061625.3620 -4.5451 0.0000  -91487228.0835 -36334942.4822
id_248      -63141209.5001 14054192.3387 -4.4927 0.0000  -90702775.4573 -35579643.5429
id_249      138904376.5684 14046769.0920  9.8887 0.0000  111357368.2818 166451384.8549
id_251      -73911800.7947 14031951.9905 -5.2674 0.0000 -101429751.3801 -46393850.2092
id_252        5135970.0196 33039174.5500  0.1555 0.8765  -59656895.0975  69928835.1367
id_253      -73773181.6577 14017174.1817 -5.2631 0.0000 -101262151.5987 -46284211.7167
id_254      -67974314.5892 14009800.0510 -4.8519 0.0000  -95448823.1804 -40499805.9980
id_255      -62413626.0921 14002435.7901 -4.4573 0.0000  -89873692.6893 -34953559.4950
id_259      112541445.7765 17241461.2771  6.5274 0.0000   78729351.7952 146353539.7578
id_261      -52901602.3241 13958458.3646 -3.7899 0.0002  -80275425.1384 -25527779.5098
id_262      -73215945.9699 13951163.6295 -5.2480 0.0000 -100575463.1366 -45856428.8032
id_263      -67081007.3300 13943878.8892 -4.8108 0.0000  -94426238.4499 -39735776.2101
id_264      321023644.2712 89521331.7102  3.5860 0.0003  145464065.3892 496583223.1532
id_265       32790242.2971 51148511.5158  0.6411 0.5215  -67516700.9824 133097185.5766
id_266      -70646380.6245 13922084.7940 -5.0744 0.0000  -97948871.5159 -43343889.7332
id_267      -72345953.6275 13914840.1899 -5.1992 0.0000  -99634237.1826 -45057670.0724
id_268      -72726445.8447 13907605.6590 -5.2293 0.0000 -100000541.8183 -45452349.8712
id_269      -49735597.9905 13900381.2171 -3.5780 0.0004  -76995526.1680 -22475669.8131
id_271      -69016612.9964 13885962.6633 -4.9702 0.0000  -96248265.0616 -41784960.9312
id_272      -70364117.0175 15206748.5401 -4.6272 0.0000 -100185951.8680 -40542282.1670
id_273      -72037096.3594 13871584.6547 -5.1931 0.0000  -99240551.8251 -44833640.8938
id_274      -70200950.3091 15193842.0951 -4.6204 0.0000  -99997474.4320 -40404426.1863
id_275      -72123932.5796 13857247.3173 -5.2048 0.0000  -99299271.2058 -44948593.9534
id_276      -70521937.1540 13850093.9399 -5.0918 0.0000  -97683247.3480 -43360626.9600
id_279      -62149499.2656 12391589.2797 -5.0155 0.0000  -86450547.4522 -37848451.0790
id_311      -12975973.3999 13606274.8377 -0.9537 0.3404  -39659131.8721  13707185.0723
id_312      -66718879.9743 13599499.2415 -4.9060 0.0000  -93388750.8781 -40049009.0705
id_313       -2740427.5968 12971216.0202 -0.2113 0.8327  -28178177.2214  22697322.0277
id_314      -67632503.3373 13585980.4364 -4.9781 0.0000  -94275862.6188 -40989144.0558
id_315      -68183327.4117 13579237.2597 -5.0211 0.0000  -94813462.7025 -41553192.1209
id_316      -65447888.2004 13572504.9218 -4.8221 0.0000  -92064820.7563 -38830955.6444
id_317      -58396170.8462 13565783.4388 -4.3047 0.0000  -84999921.9547 -31792419.7376
id_319      -68100337.1378 13552373.1021 -5.0250 0.0000  -94677789.3405 -41522884.9350
id_321      -38059458.4775 13004004.4784 -2.9267 0.0035  -63561509.2894 -12557407.6657
id_322      -60358337.0752 13532339.4126 -4.4603 0.0000  -86896501.3671 -33820172.7832
id_323      -61949876.2924 13525683.3982 -4.5802 0.0000  -88474987.5269 -35424765.0578
id_324      -66121782.5992 14883493.2615 -4.4426 0.0000  -95309684.0677 -36933881.1308
id_325       14529017.4874 13512404.2897  1.0752 0.2824  -11970052.1920  41028087.1668
id_326      -67774014.5869 13505781.2279 -5.0181 0.0000  -94260095.8321 -41287933.3418
id_327      -67643242.6613 13499169.1828 -5.0109 0.0000  -94116357.0767 -41170128.2459
id_329      -65590404.1672 13485978.2070 -4.8636 0.0000  -92037649.8638 -39143158.4706
id_331        2292572.3269 13472831.4919  0.1702 0.8649  -24128891.4502  28714036.1040
id_332      -48918364.9700 12688327.1688 -3.8554 0.0001  -73801343.4950 -24035386.4450
id_333      146179700.1067 13459729.1672 10.8605 0.0000  119783931.1953 172575469.0182
id_339      188370363.2337 12516267.3831 15.0500 0.0000  163824809.8000 212915916.6674
id_341      -32309654.4883 13407766.3692 -2.4098 0.0160  -58603519.5655  -6015789.4110
id_342      -47875248.2055 13401321.5187 -3.5724 0.0004  -74156474.3371 -21594022.0739
id_349      -64682382.3355 14214052.2382 -4.5506 0.0000  -92557448.2832 -36807316.3878
id_391      -13715050.5190 13616028.8833 -1.0073 0.3139  -40417337.5731  12987236.5351
id_392      -22527847.1384 13093795.0266 -1.7205 0.0855  -48205985.4874   3150291.2105
id_393      -62312448.6414 13087946.0097 -4.7611 0.0000  -87979116.5294 -36645780.7534
id_394      -22855249.3586 13082109.0986 -1.7471 0.0808  -48510470.5261   2799971.8088
id_395      -19553314.6473 13076284.3094 -1.4953 0.1350  -45197112.8665   6090483.5719
id_396      284342904.4926 13070471.6583 21.7546 0.0000  258710505.4176 309975303.5677
id_397      -62202193.1532 13064671.1617 -4.7611 0.0000  -87823216.9198 -36581169.3865
id_399      590016439.3457 18427008.9732 32.0191 0.0000  553879377.1104 626153501.5809
id_411      -61014472.2658 12984749.4759 -4.6989 0.0000  -86478762.2437 -35550182.2879
id_412      -60978442.8402 12979133.2349 -4.6982 0.0000  -86431718.8522 -35525166.8282
id_419      -60352559.0037 12940168.0066 -4.6640 0.0000  -85729420.6131 -34975697.3942
id_421      -37588419.2953 12929147.5707 -2.9073 0.0037  -62943668.8145 -12233169.7760
id_422       31963808.4875 12923656.1806  2.4733 0.0135    6619328.0901  57308288.8849
id_423      -49962174.8726 12918177.3639 -3.8676 0.0001  -75295910.8057 -24628438.9395
id_424       -7424559.8041 12912711.1365 -0.5750 0.5654  -32747575.9616  17898456.3534
id_429      744803931.8240 12885569.3986 57.8014 0.0000  719534143.1149 770073720.5332
id_441      -21308076.4417 13659979.5619 -1.5599 0.1189  -48096554.8257   5480401.9422
id_442      -55179768.3571 12816489.9999 -4.3054 0.0000  -80314086.0013 -30045450.7129
id_443      -56413363.4497 14246878.6082 -3.9597 0.0001  -84352804.9332 -28473921.9661
id_449      302914117.4066 89139669.5927  3.3982 0.0007  128103013.0986 477725221.7145
id_611      -29478436.7119 12128664.4999 -2.4305 0.0152  -53263865.1828  -5693008.2410
id_612      -42038434.2863 12125828.4240 -3.4669 0.0005  -65818300.9510 -18258567.6216
id_613      104897386.9250 12123007.5701  8.6528 0.0000   81123052.2148 128671721.6353
id_614       -1345782.0779 12120201.9488 -0.1110 0.9116  -25114614.7063  22423050.5505
id_615      -41514239.5809 12117411.5707 -3.4260 0.0006  -65277600.0207 -17750879.1410
id_616      -43141411.8695 12114636.4463 -3.5611 0.0004  -66899330.0348 -19383493.7042
id_617      -20429722.0153 12111876.5861 -1.6868 0.0918  -44182227.8406   3322783.8100
id_619      -39633398.2355 12106402.7002 -3.2738 0.0011  -63375169.2662 -15891627.2048
id_621      -40024618.4557 12100989.9958 -3.3075 0.0010  -63755774.6744 -16293462.2370
id_622      -42798993.6729 12098306.6124 -3.5376 0.0004  -66524887.5295 -19073099.8163
id_623      -43757664.8901 12095638.5551 -3.6176 0.0003  -67478326.4405 -20037003.3398
id_624        7825702.8926 12092985.8340  0.6471 0.5176  -15889756.4273  31541162.2126
id_625      244434580.6136 20699004.4213 11.8090 0.0000  203841925.9908 285027235.2365
id_629       15681689.9843 20450764.4115  0.7668 0.4433  -24424143.1094  55787523.0781
id_631       87573292.1577 12074847.0435  7.2525 0.0000   63893404.6770 111253179.6385
id_632      -42100410.9881 12072317.3718 -3.4874 0.0005  -65775337.5494 -18425484.4267
id_633      -42847061.0624 12069803.1253 -3.5499 0.0004  -66517056.9549 -19177065.1700
id_634      221963150.5060 12067304.3138 18.3938 0.0000  198298055.0131 245628245.9989
id_635      -40749173.2618 13562918.3312 -3.0045 0.0027  -67347305.6303 -14151040.8934
id_636      -21328908.5713 12062353.0340 -1.7682 0.0772  -44984294.1483   2326477.0057
id_639       27098403.6342 12055042.1145  2.2479 0.0247    3457355.4438  50739451.8245
id_641      -41008791.2289 12050245.6111 -3.4031 0.0007  -64640433.0342 -17377149.4235
id_642      -41810030.4461 12047870.6202 -3.4703 0.0005  -65437014.6754 -18183046.2168
id_649      -39607192.4849 13531159.8468 -2.9271 0.0035  -66143043.5397 -13071341.4301
id_711      -32790509.3636 11921924.4320 -2.7504 0.0060  -56170501.5146  -9410517.2125
id_712      -34445321.5808 11920654.7847 -2.8895 0.0039  -57822823.8367 -11067819.3249
id_713      -30718543.5123 11919401.1591 -2.5772 0.0100  -54093587.2928  -7343499.7318
id_714      -36143380.5867 11918163.5601 -3.0326 0.0025  -59515997.3215 -12770763.8519
id_715      -34222691.1078 13416394.8050 -2.5508 0.0108  -60533477.3425  -7911904.8731
id_719      -35842568.5300 11912216.1372 -3.0089 0.0027  -59203521.8206 -12481615.2394
id_721       28236653.6070 11909949.5245  2.3708 0.0178    4880145.3527  51593161.8613
id_722      -27693301.0388 11908840.3131 -2.3254 0.0201  -51047634.0273  -4338968.0503
id_729      -17585149.4166 11901526.0176 -1.4776 0.1397  -40925138.3979   5754839.5647
id_731      -34951092.8510 11899581.0476 -2.9372 0.0033  -58287267.5669 -11614918.1352
id_732      -30694975.6397 11898632.7209 -2.5797 0.0100  -54029290.5996  -7360660.6798
id_733      -34790186.1426 11897700.5049 -2.9241 0.0035  -58122672.9411 -11457699.3442
id_734      -34708602.7884 11896784.4034 -2.9175 0.0036  -58039293.0275 -11377912.5494
id_735      -32591024.0239 13393150.0403 -2.4334 0.0150  -58856225.1335  -6325822.9142
id_739      -34300686.0174 11892445.7416 -2.8842 0.0040  -57622867.7408 -10978504.2941
id_741      -20091417.0948 11890823.2036 -1.6897 0.0912  -43410416.8718   3227582.6822
id_742      -14865602.8834 11890036.1467 -1.2503 0.2113  -38183059.1693   8451853.4025
id_743       89959810.5422 11889265.2355  7.5665 0.0000   66643866.0842 113275755.0002
id_744      111812999.6107 11888510.4731  9.4051 0.0000   88498535.3113 135127463.9101
id_745      -16894985.3208 11887771.8626 -1.4212 0.1554  -40208001.1370   6418030.4953
id_746      -29856874.0381 11887049.4070 -2.5117 0.0121  -53168473.0522  -6545275.0239
id_791      -28022354.8251 13356963.7509 -2.0980 0.0360  -54216591.2876  -1828118.3626
id_799        6314111.4659 15579447.2294  0.4053 0.6853  -24238619.8502  36866842.7820
id_811      -12604408.3009 11874832.7838 -1.0614 0.2886  -35892049.3915  10683232.7897
id_812      -28334111.6610 11875179.9101 -2.3860 0.0171  -51622433.4982  -5045789.8238
id_819      -25738022.2712 13354918.1223 -1.9272 0.0541  -51928247.0674    452202.5250
id_821       -3421997.1161 11879033.1401 -0.2881 0.7733  -26717875.4924  19873881.2603
id_829      -24922188.7292 13356784.4479 -1.8659 0.0622  -51116073.5621   1271696.1036
year          2510645.2703  1558991.1166  1.6104 0.1075    -546679.9356   5567970.4762
Percentage    -284951.8843   395796.8479 -0.7199 0.4716   -1061145.9670    491242.1984
--------------------------------------------------------------------------------------
Omnibus:                2617.114         Durbin-Watson:            2.013              
Prob(Omnibus):          0.000            Jarque-Bera (JB):         2152321.618        
Skew:                   4.839            Prob(JB):                 0.000              
Kurtosis:               151.677          Condition No.:            5324714591883283456
======================================================================================
Notes:
[1] Standard Errors assume that the covariance matrix of the errors is correctly
specified.
[2] The smallest eigenvalue is 1.68e-29. This might indicate that                there
are strong multicollinearity problems or that the design                matrix is
singular.